# API KEYS

OPENWEATHER_API_KEY=b9ddc38910afbb192c17a6e31d30309b
ACCUWEATHER_API_KEY=06B76Uj49AcYwvdyZ7mnzWuS6RkjOCL9
OPENMETEO_API_KEY=   # Optional: Some Open-Meteo endpoints don’t need a key
TOMORROW_API_KEY=3zYcnqO5kKz5QUvIZXi2Af09ylbBGCIZ


# MINE LOCATIONS

LOCATION_KEY1=3201786
LAT1=23.9367772
LON1=82.3367669
NAME1=Suliyari Coal Mine

LOCATION_KEY2=3200318
LAT2=22.83795
LON2=82.81401
NAME2=PKEB

LOCATION_KEY3=195074
LAT3=21.734804
LON3=83.989432
NAME3=Talabira Coal Mine

LOCATION_KEY4=2887971
LAT4=22.11866
LON4=83.53358
NAME4=GPIII Coal Mines

LOCATION_KEY5=2897715
LAT5=21.754390
LON5=85.159880
NAME5=Kurmitar Iron Ore Mine
